--------
Total Statistics
--------
Total Instructions: 60533966082
Total Cycles: 121498400165
IPC: 0.498229

--------
Two level Cache hierarchy
--------
  L1-Data Cache:
    Size(KB):          32
    Block Size(B):     32
    Associativity:      4
    Sets:             256 - LFU

  L2-Data Cache:
    Size(KB):         512
    Block Size(B):    256
    Associativity:      8
    Sets:             256 - LFU

Latencies:    1   15  250
Store_allocation: Yes
L2_inclusive: Yes

L1 Cache Stats:
L1-Load-Hits:       12241253024  87.898265%
L1-Load-Misses:      1685361989  12.101735%
L1-Load-Accesses:   13926615013  100.000000%

L1-Store-Hits:        3711375945  99.596711%
L1-Store-Misses:        15028190  0.403289%
L1-Store-Accesses:    3726404135  100.000000%

L1-Total-Hits:       15952628969  90.367709%
L1-Total-Misses:      1700390179  9.632291%
L1-Total-Accesses:   17653019148  100.000000%

L2 Cache Stats:
L2-Load-Hits:        1617001543  95.943872%
L2-Load-Misses:        68360446  4.056128%
L2-Load-Accesses:    1685361989  100.000000%

L2-Store-Hits:          12166387  80.957101%
L2-Store-Misses:         2861803  19.042899%
L2-Store-Accesses:      15028190  100.000000%

L2-Total-Hits:        1629167930  95.811417%
L2-Total-Misses:        71222249  4.188583%
L2-Total-Accesses:    1700390179  100.000000%

