--------
Total Statistics
--------
Total Instructions: 60533966082
Total Cycles: 109341686385
IPC: 0.553622

--------
Two level Cache hierarchy
--------
  L1-Data Cache:
    Size(KB):          32
    Block Size(B):     32
    Associativity:      4
    Sets:             256 - LFU

  L2-Data Cache:
    Size(KB):        2048
    Block Size(B):    256
    Associativity:     16
    Sets:             512 - LFU

Latencies:    1   15  250
Store_allocation: Yes
L2_inclusive: Yes

L1 Cache Stats:
L1-Load-Hits:       12233390202  87.841806%
L1-Load-Misses:      1693224811  12.158194%
L1-Load-Accesses:   13926615013  100.000000%

L1-Store-Hits:        3717723269  99.767044%
L1-Store-Misses:         8680866  0.232956%
L1-Store-Accesses:    3726404135  100.000000%

L1-Total-Hits:       15951113471  90.359124%
L1-Total-Misses:      1701905677  9.640876%
L1-Total-Accesses:   17653019148  100.000000%

L2 Cache Stats:
L2-Load-Hits:        1671909622  98.741148%
L2-Load-Misses:        21315189  1.258852%
L2-Load-Accesses:    1693224811  100.000000%

L2-Store-Hits:           7491591  86.300042%
L2-Store-Misses:         1189275  13.699958%
L2-Store-Accesses:       8680866  100.000000%

L2-Total-Hits:        1679401213  98.677690%
L2-Total-Misses:        22504464  1.322310%
L2-Total-Accesses:    1701905677  100.000000%

