--------
Total Statistics
--------
Total Instructions: 60533966086
Total Cycles: 118642829304
IPC: 0.51022

--------
Two level Cache hierarchy
--------
  L1-Data Cache:
    Size(KB):          32
    Block Size(B):     32
    Associativity:      4
    Sets:             256 - LFU

  L2-Data Cache:
    Size(KB):        1024
    Block Size(B):    256
    Associativity:     16
    Sets:             256 - LFU

Latencies:    1   15  250
Store_allocation: Yes
L2_inclusive: Yes

L1 Cache Stats:
L1-Load-Hits:       12247220535  87.941115%
L1-Load-Misses:      1679394478  12.058885%
L1-Load-Accesses:   13926615013  100.000000%

L1-Store-Hits:        3710112525  99.562806%
L1-Store-Misses:        16291610  0.437194%
L1-Store-Accesses:    3726404135  100.000000%

L1-Total-Hits:       15957333060  90.394356%
L1-Total-Misses:      1695686088  9.605644%
L1-Total-Accesses:   17653019148  100.000000%

L2 Cache Stats:
L2-Load-Hits:        1621966424  96.580431%
L2-Load-Misses:        57428054  3.419569%
L2-Load-Accesses:    1679394478  100.000000%

L2-Store-Hits:          13637453  83.708443%
L2-Store-Misses:         2654157  16.291557%
L2-Store-Accesses:      16291610  100.000000%

L2-Total-Hits:        1635603877  96.456761%
L2-Total-Misses:        60082211  3.543239%
L2-Total-Accesses:    1695686088  100.000000%

