--------
Total Statistics
--------
Total Instructions: 108730226355
Total Cycles: 1257114080984
IPC: 0.0864919

--------
Two level Cache hierarchy
--------
  L1-Data Cache:
    Size(KB):          32
    Block Size(B):     32
    Associativity:      4
    Sets:             256 - LFU

  L2-Data Cache:
    Size(KB):        1024
    Block Size(B):    256
    Associativity:     16
    Sets:             256 - LFU

Latencies:    1   15  250
Store_allocation: Yes
L2_inclusive: Yes

L1 Cache Stats:
L1-Load-Hits:       17131653440  49.277762%
L1-Load-Misses:     17633832430  50.722238%
L1-Load-Accesses:   34765485870  100.000000%

L1-Store-Hits:        8949894993  93.280415%
L1-Store-Misses:       644718176  6.719585%
L1-Store-Accesses:    9594613169  100.000000%

L1-Total-Hits:       26081548433  58.795064%
L1-Total-Misses:     18278550606  41.204936%
L1-Total-Accesses:   44360099039  100.000000%

L2 Cache Stats:
L2-Load-Hits:       14369685626  81.489294%
L2-Load-Misses:      3264146804  18.510706%
L2-Load-Accesses:   17633832430  100.000000%

L2-Store-Hits:         589482994  91.432663%
L2-Store-Misses:        55235182  8.567337%
L2-Store-Accesses:     644718176  100.000000%

L2-Total-Hits:       14959168620  81.840015%
L2-Total-Misses:      3319381986  18.159985%
L2-Total-Accesses:   18278550606  100.000000%

