--------
Total Statistics
--------
Total Instructions: 108730226595
Total Cycles: 1229284926524
IPC: 0.08845

--------
Two level Cache hierarchy
--------
  L1-Data Cache:
    Size(KB):          32
    Block Size(B):     32
    Associativity:      4
    Sets:             256 - LFU

  L2-Data Cache:
    Size(KB):         512
    Block Size(B):    256
    Associativity:      8
    Sets:             256 - LFU

Latencies:    1   15  250
Store_allocation: Yes
L2_inclusive: Yes

L1 Cache Stats:
L1-Load-Hits:       17091947534  49.163551%
L1-Load-Misses:     17673538345  50.836449%
L1-Load-Accesses:   34765485879  100.000000%

L1-Store-Hits:        8948951041  93.270576%
L1-Store-Misses:       645662224  6.729424%
L1-Store-Accesses:    9594613265  100.000000%

L1-Total-Hits:       26040898575  58.703427%
L1-Total-Misses:     18319200569  41.296573%
L1-Total-Accesses:   44360099144  100.000000%

L2 Cache Stats:
L2-Load-Hits:       14519785766  82.155511%
L2-Load-Misses:      3153752579  17.844489%
L2-Load-Accesses:   17673538345  100.000000%

L2-Store-Hits:         593788434  91.965801%
L2-Store-Misses:        51873790  8.034199%
L2-Store-Accesses:     645662224  100.000000%

L2-Total-Hits:       15113574200  82.501276%
L2-Total-Misses:      3205626369  17.498724%
L2-Total-Accesses:   18319200569  100.000000%

