--------
Total Statistics
--------
Total Instructions: 38323369492
Total Cycles: 162908708766
IPC: 0.235244

--------
Two level Cache hierarchy
--------
  L1-Data Cache:
    Size(KB):          32
    Block Size(B):     32
    Associativity:      4
    Sets:             256 - LFU

  L2-Data Cache:
    Size(KB):        1024
    Block Size(B):    256
    Associativity:      8
    Sets:             512 - LFU

Latencies:    1   15  250
Store_allocation: Yes
L2_inclusive: Yes

L1 Cache Stats:
L1-Load-Hits:        8569990435  88.747919%
L1-Load-Misses:      1086563199  11.252081%
L1-Load-Accesses:    9656553634  100.000000%

L1-Store-Hits:        3208190391  90.012756%
L1-Store-Misses:       355960454  9.987244%
L1-Store-Accesses:    3564150845  100.000000%

L1-Total-Hits:       11778180826  89.088905%
L1-Total-Misses:      1442523653  10.911095%
L1-Total-Accesses:   13220704479  100.000000%

L2 Cache Stats:
L2-Load-Hits:         793896056  73.064876%
L2-Load-Misses:       292667143  26.935124%
L2-Load-Accesses:    1086563199  100.000000%

L2-Store-Hits:         289720477  81.391198%
L2-Store-Misses:        66239977  18.608802%
L2-Store-Accesses:     355960454  100.000000%

L2-Total-Hits:        1083616533  75.119498%
L2-Total-Misses:       358907120  24.880502%
L2-Total-Accesses:    1442523653  100.000000%

