--------
Total Statistics
--------
Total Instructions: 38323369492
Total Cycles: 163005907961
IPC: 0.235104

--------
Two level Cache hierarchy
--------
  L1-Data Cache:
    Size(KB):          32
    Block Size(B):     32
    Associativity:      4
    Sets:             256 - LFU

  L2-Data Cache:
    Size(KB):        2048
    Block Size(B):    256
    Associativity:     16
    Sets:             512 - LFU

Latencies:    1   15  250
Store_allocation: Yes
L2_inclusive: Yes

L1 Cache Stats:
L1-Load-Hits:        8564647544  88.692590%
L1-Load-Misses:      1091906090  11.307410%
L1-Load-Accesses:    9656553634  100.000000%

L1-Store-Hits:        3204812719  89.917988%
L1-Store-Misses:       359338126  10.082012%
L1-Store-Accesses:    3564150845  100.000000%

L1-Total-Hits:       11769460263  89.022943%
L1-Total-Misses:      1451244216  10.977057%
L1-Total-Accesses:   13220704479  100.000000%

L2 Cache Stats:
L2-Load-Hits:         800176633  73.282551%
L2-Load-Misses:       291729457  26.717449%
L2-Load-Accesses:    1091906090  100.000000%

L2-Store-Hits:         292294900  81.342579%
L2-Store-Misses:        67043226  18.657421%
L2-Store-Accesses:     359338126  100.000000%

L2-Total-Hits:        1092471533  75.278270%
L2-Total-Misses:       358772683  24.721730%
L2-Total-Accesses:    1451244216  100.000000%

