--------
Total Statistics
--------
Total Instructions: 7462569002
Total Cycles: 32914416258
IPC: 0.226726

--------
Two level Cache hierarchy
--------
  L1-Data Cache:
    Size(KB):          32
    Block Size(B):     32
    Associativity:      4
    Sets:             256 - LFU

  L2-Data Cache:
    Size(KB):        2048
    Block Size(B):    256
    Associativity:     16
    Sets:             512 - LFU

Latencies:    1   15  250
Store_allocation: Yes
L2_inclusive: Yes

L1 Cache Stats:
L1-Load-Hits:        1785540072  81.788381%
L1-Load-Misses:       397581833  18.211619%
L1-Load-Accesses:    2183121905  100.000000%

L1-Store-Hits:         435438628  94.146962%
L1-Store-Misses:        27070858  5.853038%
L1-Store-Accesses:     462509486  100.000000%

L1-Total-Hits:        2220978700  83.948909%
L1-Total-Misses:       424652691  16.051091%
L1-Total-Accesses:    2645631391  100.000000%

L2 Cache Stats:
L2-Load-Hits:         335552912  84.398452%
L2-Load-Misses:        62028921  15.601548%
L2-Load-Accesses:     397581833  100.000000%

L2-Store-Hits:          23354077  86.270177%
L2-Store-Misses:         3716781  13.729823%
L2-Store-Accesses:      27070858  100.000000%

L2-Total-Hits:         358906989  84.517771%
L2-Total-Misses:        65745702  15.482229%
L2-Total-Accesses:     424652691  100.000000%

