--------
Total Statistics
--------
Total Instructions: 7475228297
Total Cycles: 35740102695
IPC: 0.209155

--------
Two level Cache hierarchy
--------
  L1-Data Cache:
    Size(KB):          32
    Block Size(B):     32
    Associativity:      4
    Sets:             256 - LFU

  L2-Data Cache:
    Size(KB):        1024
    Block Size(B):    256
    Associativity:     16
    Sets:             256 - LFU

Latencies:    1   15  250
Store_allocation: Yes
L2_inclusive: Yes

L1 Cache Stats:
L1-Load-Hits:        1781838929  81.634166%
L1-Load-Misses:       400873318  18.365834%
L1-Load-Accesses:    2182712247  100.000000%

L1-Store-Hits:         435020341  94.069022%
L1-Store-Misses:        27427690  5.930978%
L1-Store-Accesses:     462448031  100.000000%

L1-Total-Hits:        2216859270  83.808126%
L1-Total-Misses:       428301008  16.191874%
L1-Total-Accesses:    2645160278  100.000000%

L2 Cache Stats:
L2-Load-Hits:         328496518  81.945219%
L2-Load-Misses:        72376800  18.054781%
L2-Load-Accesses:     400873318  100.000000%

L2-Store-Hits:          23023694  83.943249%
L2-Store-Misses:         4403996  16.056751%
L2-Store-Accesses:      27427690  100.000000%

L2-Total-Hits:         351520212  82.073169%
L2-Total-Misses:        76780796  17.926831%
L2-Total-Accesses:     428301008  100.000000%

