--------
Total Statistics
--------
Total Instructions: 18199710897
Total Cycles: 442860940941
IPC: 0.0410958

--------
Two level Cache hierarchy
--------
  L1-Data Cache:
    Size(KB):          32
    Block Size(B):     32
    Associativity:      4
    Sets:             256 - LFU

  L2-Data Cache:
    Size(KB):         512
    Block Size(B):    256
    Associativity:      8
    Sets:             256 - LFU

Latencies:    1   15  250
Store_allocation: Yes
L2_inclusive: Yes

L1 Cache Stats:
L1-Load-Hits:        3037713385  47.815546%
L1-Load-Misses:      3315269357  52.184454%
L1-Load-Accesses:    6352982742  100.000000%

L1-Store-Hits:        1779756787  94.627739%
L1-Store-Misses:       101041385  5.372261%
L1-Store-Accesses:    1880798172  100.000000%

L1-Total-Hits:        4817470172  58.508603%
L1-Total-Misses:      3416310742  41.491397%
L1-Total-Accesses:    8233780914  100.000000%

L2 Cache Stats:
L2-Load-Hits:        1876563310  56.603645%
L2-Load-Misses:      1438706047  43.396355%
L2-Load-Accesses:    3315269357  100.000000%

L2-Store-Hits:          79016280  78.201897%
L2-Store-Misses:        22025105  21.798103%
L2-Store-Accesses:     101041385  100.000000%

L2-Total-Hits:        1955579590  57.242439%
L2-Total-Misses:      1460731152  42.757561%
L2-Total-Accesses:    3416310742  100.000000%

