--------
Total Statistics
--------
Total Instructions: 18199710897
Total Cycles: 440460191196
IPC: 0.0413198

--------
Two level Cache hierarchy
--------
  L1-Data Cache:
    Size(KB):          32
    Block Size(B):     32
    Associativity:      4
    Sets:             256 - LFU

  L2-Data Cache:
    Size(KB):        1024
    Block Size(B):    256
    Associativity:     16
    Sets:             256 - LFU

Latencies:    1   15  250
Store_allocation: Yes
L2_inclusive: Yes

L1 Cache Stats:
L1-Load-Hits:        3037840968  47.817554%
L1-Load-Misses:      3315141774  52.182446%
L1-Load-Accesses:    6352982742  100.000000%

L1-Store-Hits:        1783361137  94.819378%
L1-Store-Misses:        97437035  5.180622%
L1-Store-Accesses:    1880798172  100.000000%

L1-Total-Hits:        4821202105  58.553927%
L1-Total-Misses:      3412578809  41.446073%
L1-Total-Accesses:    8233780914  100.000000%

L2 Cache Stats:
L2-Load-Hits:        1883942183  56.828405%
L2-Load-Misses:      1431199591  43.171595%
L2-Load-Accesses:    3315141774  100.000000%

L2-Store-Hits:          77284557  79.317435%
L2-Store-Misses:        20152478  20.682565%
L2-Store-Accesses:      97437035  100.000000%

L2-Total-Hits:        1961226740  57.470519%
L2-Total-Misses:      1451352069  42.529481%
L2-Total-Accesses:    3412578809  100.000000%

