--------
Total Statistics
--------
Total Instructions: 18199710897
Total Cycles: 405560487531
IPC: 0.0448755

--------
Two level Cache hierarchy
--------
  L1-Data Cache:
    Size(KB):          32
    Block Size(B):     32
    Associativity:      4
    Sets:             256 - LFU

  L2-Data Cache:
    Size(KB):        1024
    Block Size(B):    256
    Associativity:      8
    Sets:             512 - LFU

Latencies:    1   15  250
Store_allocation: Yes
L2_inclusive: Yes

L1 Cache Stats:
L1-Load-Hits:        3076562977  48.427063%
L1-Load-Misses:      3276419765  51.572937%
L1-Load-Accesses:    6352982742  100.000000%

L1-Store-Hits:        1794462339  95.409617%
L1-Store-Misses:        86335833  4.590383%
L1-Store-Accesses:    1880798172  100.000000%

L1-Total-Hits:        4871025316  59.159035%
L1-Total-Misses:      3362755598  40.840965%
L1-Total-Accesses:    8233780914  100.000000%

L2 Cache Stats:
L2-Load-Hits:        1974948634  60.277644%
L2-Load-Misses:      1301471131  39.722356%
L2-Load-Accesses:    3276419765  100.000000%

L2-Store-Hits:          73064317  84.628033%
L2-Store-Misses:        13271516  15.371967%
L2-Store-Accesses:      86335833  100.000000%

L2-Total-Hits:        2048012951  60.902819%
L2-Total-Misses:      1314742647  39.097181%
L2-Total-Accesses:    3362755598  100.000000%

