--------
Total Statistics
--------
Total Instructions: 3184321510
Total Cycles: 8442482791
IPC: 0.377178

--------
Two level Cache hierarchy
--------
  L1-Data Cache:
    Size(KB):          32
    Block Size(B):     32
    Associativity:      4
    Sets:             256 - LFU

  L2-Data Cache:
    Size(KB):        2048
    Block Size(B):    256
    Associativity:     16
    Sets:             512 - LFU

Latencies:    1   15  250
Store_allocation: Yes
L2_inclusive: Yes

L1 Cache Stats:
L1-Load-Hits:         703111749  92.831569%
L1-Load-Misses:        54294120  7.168431%
L1-Load-Accesses:     757405869  100.000000%

L1-Store-Hits:         423468430  89.481419%
L1-Store-Misses:        49778902  10.518581%
L1-Store-Accesses:     473247332  100.000000%

L1-Total-Hits:        1126580179  91.543270%
L1-Total-Misses:       104073022  8.456730%
L1-Total-Accesses:    1230653201  100.000000%

L2 Cache Stats:
L2-Load-Hits:          45451668  83.713794%
L2-Load-Misses:         8842452  16.286206%
L2-Load-Accesses:      54294120  100.000000%

L2-Store-Hits:          48755703  97.944513%
L2-Store-Misses:         1023199  2.055487%
L2-Store-Accesses:      49778902  100.000000%

L2-Total-Hits:          94207371  90.520453%
L2-Total-Misses:         9865651  9.479547%
L2-Total-Accesses:     104073022  100.000000%

